.Random.seed <-
c(403L, 586L, -335213189L, -1967977203L, 128947832L, -639987126L, 
-828338096L, 616734219L, 220269700L, 310314792L, 118581938L, 
1950849297L, -1078219646L, 261646605L, -432724417L, -1714532151L, 
1610158627L, 115620795L, 434694018L, -811044151L, 1774095482L, 
1617924368L, 623460684L, 1117035362L, -278578054L, -637589785L, 
-745452393L, -1417712877L, 778834558L, -1148035672L, -1451531324L, 
2074933493L, -1372140675L, -454083911L, 1695429394L, 2010619215L, 
-703490779L, 1740168882L, -1236229433L, 1660057913L, -1598444200L, 
-1039341110L, 373776382L, -943675288L, -1884395966L, -1170491978L, 
-482530797L, -861875006L, 972645011L, -1485909475L, 1543570954L, 
-990678414L, -924794534L, 523783096L, -50642458L, -932122926L, 
-2103597912L, -1802175627L, 502217594L, 1256926578L, 1380959237L, 
-1529034301L, -1088575230L, 1187112869L, -599422093L, 639351965L, 
-279588702L, -1823101890L, 210742252L, -1316595864L, -1755448941L, 
672373794L, -914800053L, -1672756238L, 1303195934L, -1059899090L, 
-1234773023L, 1005642046L, 1322429706L, 54514318L, 1297434809L, 
1567641907L, 340849240L, 878849551L, -15683366L, -1430738694L, 
907478818L, -415488942L, -925761422L, 684582666L, -806699576L, 
-705291179L, 1286198692L, 2009283235L, -1603329697L, -909180371L, 
-1897802326L, 1801121876L, 610103547L, 534402362L, 631295847L, 
1923909833L, 1867347512L, 1914426439L, -2083540082L, -1076990792L, 
640574566L, 76171939L, 273475449L, -1325336011L, 2125041891L, 
705829709L, -2146054851L, -222949930L, 689014631L, -1974737221L, 
229094974L, -1974078233L, 1238261539L, 1719181046L, 1156002104L, 
-1533978256L, 1882111207L, -1600687671L, 174587084L, -720310680L, 
2040125306L, 1047258147L, -629902308L, -1455870375L, -860570503L, 
1057578965L, -1846058916L, 1435497033L, 1936333297L, 1785595906L, 
-505672821L, -270036543L, 1465457349L, -10739854L, 1297157882L, 
-2044208418L, 734018544L, 1538771791L, -276881612L, 1663438247L, 
-1620394119L, 1884794869L, 272538497L, -1056068717L, 2123795399L, 
208677476L, 311489174L, -716127323L, 618546179L, -1112075823L, 
439805736L, -1679544292L, -1049053472L, -1086482707L, 1105687730L, 
-1763526192L, 347456258L, -1015009587L, 1284220487L, -352304872L, 
-172725136L, 541006837L, 1653826193L, -1978195804L, 549115221L, 
636102661L, -826180280L, 660839557L, 248453002L, -999392473L, 
860901899L, 1219184623L, -1174270870L, 282398645L, -2013856705L, 
-1041253994L, -1959972931L, -1642780493L, 327843572L, -991806842L, 
-450190986L, -412117865L, -381732426L, -1539731500L, 2094139963L, 
782108965L, 35683970L, -606795422L, -104743127L, 808924236L, 
-176499622L, 164387902L, 590602583L, -1966970440L, 623973667L, 
-1595661399L, -1141152217L, 1927743826L, 272571361L, 258207069L, 
-145961555L, -250255106L, -143708702L, -1563528276L, 829577511L, 
-1651580163L, 772543699L, -1698869230L, 1515100051L, 1084883428L, 
-911781100L, -842903175L, 659819957L, 201484234L, -1306966882L, 
-1263750379L, 171054219L, 2096829475L, -1012233370L, 1677551285L, 
240751438L, -870624639L, -234871998L, -902945994L, -2076072746L, 
9755770L, -109751708L, 1370050120L, 1029021717L, -1289841048L, 
-30217773L, 1695120552L, 282013089L, -139871029L, 528410274L, 
1272882644L, 402723858L, 249595883L, 1959583868L, 2101649447L, 
116832279L, -1304073919L, -1237949533L, 1398946083L, -1099526857L, 
975712382L, 103602340L, -342232530L, 1428239704L, -355910210L, 
1687762660L, -1162431215L, 1963391835L, -1558737969L, -1161088125L, 
1988690437L, -703601062L, 482437039L, 459445922L, -695155967L, 
-1672610160L, -1238678090L, -108399486L, -937853835L, -752536732L, 
-1504531119L, 484310130L, 520751151L, 751155319L, -1839539442L, 
1336345324L, -1235140518L, 574903849L, -1360553010L, -383979824L, 
-857171023L, -94212907L, -1919087488L, -1142126816L, 473484067L, 
1308500777L, -415764271L, -526167170L, -1714320966L, -538797459L, 
170761848L, -1581901371L, 1708739051L, -70891883L, -1533691335L, 
-2064863433L, 1622076210L, -34218794L, -152344970L, 595747669L, 
-1409632502L, -1161123768L, 1121659404L, 1012725264L, -774993592L, 
724093605L, -150860611L, -139166427L, 1428184699L, -110216706L, 
1382695831L, 1492563842L, -720944573L, 1684170012L, -1681086564L, 
-191142828L, 1306089904L, -1658049489L, 1727585686L, 911763301L, 
510816800L, 571332441L, -1742145053L, -1672316364L, -1702238779L, 
-1265389936L, -796857537L, -223143791L, -830630277L, -1769630426L, 
1436238804L, -320691824L, -1975408281L, 137553691L, -475023487L, 
1533318544L, 1531765222L, 1607139192L, -1575043868L, -1211681727L, 
-1192180174L, -1484921700L, -459880808L, 470036634L, 1464672948L, 
-1488819683L, 1558632935L, -1760106433L, 815791513L, -1822470592L, 
-1936131930L, -1462298911L, -886375833L, -171996024L, 1939154420L, 
1218838852L, 909395549L, -1308824036L, -1041620524L, 876127184L, 
-1674361779L, -878110702L, 2086720193L, -895649458L, 1526413051L, 
2031847765L, -1076370129L, 1004240309L, 2055817518L, -1603724068L, 
-390990064L, -883077157L, -618629792L, -286810051L, -105486026L, 
1390363411L, -1440437260L, -1705861386L, 1678015211L, -1608679604L, 
-59268699L, -1918119669L, -719271477L, 459172305L, 1125682168L, 
962800072L, 616678458L, 1093476245L, 411719930L, 1100755105L, 
1023151233L, -1724688521L, -108795001L, -667736846L, 1728391947L, 
314542630L, -955205180L, -679590275L, 61962038L, -1959563245L, 
1197253846L, -861062799L, 1830943928L, -1397900492L, 2057929884L, 
516064302L, 992898730L, 677855651L, -225806339L, 1484254521L, 
-62235913L, -749994808L, -905261139L, 2067216731L, -1802494772L, 
944915231L, 305175492L, -426105063L, -585651843L, -1646113954L, 
310965927L, 501773488L, 745960623L, 1224679537L, -1047553450L, 
-707998834L, -949809872L, 2125979160L, 1347299692L, 1835481166L, 
379845781L, -786925401L, 1556384775L, 1247685377L, 1593889269L, 
-955921148L, 72708972L, -2110001694L, 1363718381L, -399567466L, 
-7383083L, 1120205872L, 144348853L, -441726967L, -2033825603L, 
75283716L, 1707281076L, 1567207322L, 2040294121L, -2071191472L, 
991390039L, -505086100L, 683797142L, 413592319L, 1050847899L, 
1207894475L, 1018959566L, 1205204874L, 1904705036L, -1435062114L, 
-1306983077L, -203748584L, -1215797908L, -1101334543L, 1043757697L, 
715698194L, 80385224L, 449583387L, -1688980825L, -1732348479L, 
1995827668L, 831578604L, -260006950L, -1651556207L, -1088350603L, 
1464834436L, 670868112L, -269589961L, -1921822555L, 1525604898L, 
1108591952L, 865327708L, -466179938L, -1589842661L, -1036317875L, 
-1615457969L, 2041500838L, 1215141066L, -780209711L, -2030460033L, 
-1768838913L, -668074277L, -594970499L, 199428252L, -826551175L, 
-1809519712L, 1157801827L, -743879680L, -222578178L, -2063045012L, 
1032052552L, 1551092537L, -305037278L, -1139202291L, 162534874L, 
-122170511L, 453488548L, -1331847580L, 1057774226L, 516336853L, 
-1096044959L, -1297342974L, -740804016L, 1554322635L, -482988238L, 
734908606L, -365034567L, 835839062L, -452356314L, -1771044425L, 
-1698899078L, -10738051L, 2013970922L, -1290157360L, 1099708834L, 
2088464799L, 1611694203L, 202990534L, 991933029L, -1143717259L, 
1757948250L, -329409538L, 215732375L, 1897575132L, 1025917185L, 
-1909518864L, -360278126L, 1015993455L, 617726854L, 633479547L, 
-1659648561L, -609473391L, -1814633889L, -764547689L, -240837406L, 
-852807339L, -1115037564L, -821637536L, -796442914L, 708876904L, 
-1373343206L, -185495271L, -794674546L, 879540855L, -1379890412L, 
381912847L, -723796215L, -1828468728L, -1419529999L, -241522920L, 
-1528621466L, 349571601L, 1628069526L, 542405488L, 604513643L, 
244422175L, 236206522L, -993765674L, 1200614562L, -908532102L, 
1716017220L, 1889685354L, -1016377672L, 583337753L, 226481526L, 
-88266522L, 32425125L, 403716460L, 883946004L, 130884380L, 470166072L, 
1663020147L, 210690122L, 1022039795L, -331250998L, 1700348520L, 
-1105698602L, -973506424L, -1984714897L, -500667820L, 248465067L, 
-1289221135L, 1846088427L, 134888177L, -620676596L, -1546890516L, 
-2052073925L, -102693677L, 288589707L, 1345827384L, -1138954739L, 
